N=2

0.1479794845
0.3252319078    0.3843160489


N=4

0.1479794845
0.3252319078    0.3843160489
0.5122828507    0.5746331650    0.5873209728
0.4029974485    0.3665689811    0.3526980355    0.3489738619


N=8

0.1479794845
0.3252319078    0.3843160489    
0.5122828507    0.5746331650    0.5873209728
0.4029974485    0.3665689811    0.3526980355    0.3489738619
0.4301033693    0.4391386762    0.4439766559    0.4454255229    0.4458037647
0.4484146658    0.4545184313    0.4555437483    0.4557273529    0.4557677523    0.4557774922
0.4539129312    0.4557456864    0.4558275034    0.4558320074    0.4558324178    0.4558324810    0.4558324945
0.4553485044    0.4558270288    0.4558324516    0.4558325301    0.4558325322    0.4558325323    0.4558325323    0.4558325323


N=12

0.1479794845
0.3252319078    0.3843160489
0.5122828507    0.5746331650    0.5873209728
0.4029974485    0.3665689811    0.3526980355    0.3489738619
0.4301033693    0.4391386762    0.4439766559    0.4454255229    0.4458037647
0.4484146658    0.4545184313    0.4555437483    0.4557273529    0.4557677523    0.4557774922
0.4539129312    0.4557456864    0.4558275034    0.4558320074    0.4558324178    0.4558324810    0.4558324945
0.4553485044    0.4558270288    0.4558324516    0.4558325301    0.4558325322    0.4558325323    0.4558325323    0.4558325323
0.4557112665    0.4558321871    0.4558325310    0.4558325323    0.4558325323    0.4558325323    0.4558325323    0.4558325323    0.4558325323
0.4558021997    0.4558325107    0.4558325323    0.4558325323    0.4558325323    0.4558325323    0.4558325323    0.4558325323    0.4558325323    0.4558325323
0.4558249481    0.4558325310    0.4558325323    0.4558325323    0.4558325323    0.4558325323    0.4558325323    0.4558325323    0.4558325323    0.4558325323    0.4558325323
0.4558306362    0.4558325322    0.4558325323    0.4558325323    0.4558325323    0.4558325323    0.4558325323    0.4558325323    0.4558325323    0.4558325323    0.4558325323    0.4558325323